1557504028
1557504043
1557504141
1557504197
1557504277
1557504342
1557504432
1557504457
1557504536
1557504581
1557504649
1557504698
1557504720
1557504785
1557505131
1557505162
1557505175
1557505402
1557505444
1557505620
1557505716
1557506036
1557506061
1557506447
1557506459
1557506514
1557506556
1557506653
1557506849
1557506849
1557506970
1557507004
1557507060
1557507517
1557507528
1557507575
1557507673
1557507697
1557508325
1557508386
1557508783
1557509023
1557509371
1557509587
1557509640
1557509743
1557509876
1557510098
1557510943
1557511343
1557511418
1557511992
1557513119
1557513151
1557513418
1557513478
1557514277
1557514526
1557514604
1557514614
1557514667
1557514848
1557515078
1557515104
1557515207
1557515890
1557518050
1557518900
1557519922
1557523267
1557524421
1557524561
1557524639
1557525780
1557525891
1557525976
1557526870
1557527092
1557527438
1557527526
1557528117
1557528630
1557528664
1557529091
1557529248
1557530440
1557530469
1557530500
1557530719
1557531187
1557531366
1557531369
1557531484
1557531844
1557531893
1557531905
1557531996
1557532149
1557532156
1557532261
1557532302
1557532441
1557532473
1557532519
1557532596
1557532703
1557532868
1557533034
1557533050
1557533109
1557533116
1557533116
1557533219
1557533249
1557533484
1557533501
1557533707
1557533758
1557533897
1557533951
1557534003
1557534030
1557534060
1557534136
1557534205
1557534251
1557534293
1557534304
1557534348
1557534361
1557534418
1557534474
1557534542
1557534647
1557534648
1557534667
1557534683
1557534699
1557534752
1557534756
1557534766
1557534780
1557534829
1557534893
1557535051
1557535150
1557535192
1557535200
1557535206
1557535213
1557535359
1557535433
1557535433
1557535485
1557535511
1557535613
1557535620
1557535682
1557535809
1557535821
1557535884
1557535936
1557535941
1557535984
1557536029
1557536089
1557536090
1557536113
1557536205
1557536221
1557536244
1557536255
1557536355
1557536370
1557536426
1557536466
1557536497
1557536525
1557536608
1557536625
1557536638
1557536703
1557536751
1557536835
1557536838
1557536860
1557536891
1557536907
1557536932
1557536993
1557537014
1557537028
1557537058
1557537097
1557537206
1557537231
1557537235
1557537250
1557537266
1557537300
1557537317
1557537325
1557537336
1557537373
1557537399
1557537436
1557537447
1557537479
1557537491
1557537497
1557537524
1557537548
1557537575
1557537576
1557537584
1557537594
1557537652
1557537681
1557537705
1557537766
1557537795
1557537844
1557537860
1557537879
1557537884
1557537892
1557537902
1557537922
1557537932
1557538012
1557538030
1557538094
1557538106
1557538129
1557538151
1557538284
1557538311
1557538432
1557538458
1557538466
1557538526
1557538531
1557538569
1557538585
1557538637
1557538651
1557538694
1557538714
1557538735
1557538754
1557538762
1557538802
1557538824
1557538850
1557538870
1557538882
1557538890
1557538894
1557538895
1557538905
1557538912
1557538940
1557538951
1557538956
1557538959
1557538979
1557538989
1557539009
1557539031
1557539042
1557539074
1557539079
1557539097
1557539129
1557539142
1557539222
1557539263
1557539269
1557539304
1557539357
1557539373
1557539393
1557539397
1557539468
1557539475
1557539519
1557539530
1557539538
1557539550
1557539571
1557539572
1557539588
1557539589
1557539608
1557539643
1557539659
1557539661
1557539683
1557539694
1557539709
1557539715
1557539734
1557539754
1557539754
1557539772
1557539790
1557539840
1557539864
1557539905
1557539906
1557539954
1557539954
1557539960
1557539969
1557539971
1557539978
1557539982
1557539982
1557539995
1557540008
1557540019
1557540031
1557540045
1557540048
1557540109
1557540151
1557540161
1557540179
1557540202
1557540211
1557540241
1557540245
1557540286
1557540290
1557540291
1557540328
1557540329
1557540375
1557540379
1557540400
1557540410
1557540411
1557540413
1557540419
1557540425
1557540429
1557540433
1557540465
1557540477
1557540491
1557540539
1557540557
1557540559
1557540583
1557540597
1557540603
1557540612
1557540614
1557540638
1557540644
1557540645
1557540664
1557540674
1557540681
1557540683
1557540690
1557540722
1557540724
1557540749
1557540755
1557540758
1557540762
1557540778
1557540793
1557540822
1557540828
1557540834
1557540840
1557540865
1557540897
1557540897
1557540904
1557540930
1557540942
1557540943
1557540944
1557540947
1557540959
1557540961
1557540967
1557540974
1557540976
1557540982
1557540986
1557540988
1557540994
1557540995
1557541003
1557541016
1557541031
1557541046
1557541049
1557541053
1557541055
1557541095
1557541120
1557541134
1557541164
1557541164
1557541166
1557541206
1557541214
1557541215
1557541231
1557541231
1557541266
1557541272
1557541312
1557541331
1557541403
1557541424
1557541430
1557541442
1557541481
1557541486
1557541498
1557541516
1557541570
1557541581
1557541598
1557541607
1557541609
1557541655
1557541655
1557541681
1557541728
1557541735
1557541760
1557541784
1557541799
1557541799
1557541869
1557541871
1557541885
1557541891
1557541921
1557541930
1557541936
1557541941
1557541952
1557541979
1557541986
1557541990
1557542014
1557542016
1557542037
1557542045
1557542069
1557542096
1557542145
1557542152
1557542206
1557542218
1557542225
1557542287
1557542296
1557542362
1557542379
1557542389
1557542406
1557542438
1557542448
1557542457
1557542463
1557542485
1557542485
1557542517
1557542567
1557542580
1557542614
1557542625
1557542662
1557542697
1557542716
1557542722
1557542739
1557542744
1557542747
1557542771
1557542781
1557542791
1557542821
1557542884
1557542928
1557542935
1557542974
1557542975
1557542999
1557543031
1557543043
1557543059
1557543059
1557543060
1557543073
1557543090
1557543093
1557543098
1557543164
1557543171
1557543177
1557543183
1557543187
1557543187
1557543199
1557543208
1557543209
1557543270
1557543282
1557543297
1557543302
1557543340
1557543346
1557543411
1557543412
1557543417
1557543430
1557543460
1557543464
1557543471
1557543473
1557543479
1557543491
1557543498
1557543505
1557543515
1557543534
1557543558
1557543560
1557543586
1557543620
1557543694
1557543698
1557543703
1557543785
1557543794
1557543816
1557543871
1557543929
1557543939
1557543955
1557543955
1557543972
1557544007
1557544088
1557544124
1557544145
1557544196
1557544250
1557544255
1557544299
1557544310
1557544423
1557544426
1557544508
1557544514
1557544570
1557544595
1557544615
1557544647
1557544650
1557544675
1557544689
1557544706
1557544706
1557544727
1557544749
1557544767
1557544775
1557544807
1557544834
1557544842
1557544887
1557544890
1557544899
1557544943
1557544975
1557544981
1557544988
1557544991
1557545027
1557545048
1557545072
1557545175
1557545189
1557545216
1557545228
1557545276
1557545315
1557545381
1557545387
1557545446
1557545450
1557545461
1557545469
1557545469
1557545492
1557545550
1557545598
1557545615
1557545647
1557545661
1557545664
1557545695
1557545708
1557545728
1557545752
1557545795
1557545815
1557545822
1557545846
1557545848
1557545919
1557545932
1557545988
1557546030
1557546053
1557546059
1557546097
1557546104
1557546116
1557546166
1557546284
1557546289
1557546310
1557546333
1557546339
1557546393
1557546438
1557546571
1557546596
1557546626
1557546630
1557546665
1557546730
1557546736
1557546750
1557546769
1557546772
1557546783
1557546787
1557546815
1557546869
1557546902
1557546908
1557546918
1557546952
1557546988
1557546997
1557547024
1557547033
1557547058
1557547066
1557547074
1557547097
1557547245
1557547255
1557547257
1557547286
1557547302
1557547306
1557547314
1557547318
1557547350
1557547363
1557547369
1557547378
1557547392
1557547423
1557547431
1557547431
1557547468
1557547486
1557547513
1557547525
1557547607
1557547612
1557547652
1557547681
1557547683
1557547753
1557547791
1557547877
1557547896
1557547897
1557547897
1557547911
1557547919
1557547944
1557547956
1557547966
1557548068
1557548084
1557548133
1557548138
1557548166
1557548177
1557548224
1557548250
1557548271
1557548307
1557548391
1557548392
1557548400
1557548417
1557548477
1557548492
1557548562
1557548635
1557548753
1557548783
1557548836
1557548886
1557548902
1557549011
1557549035
1557549039
1557549044
1557549066
1557549144
1557549157
1557549175
1557549188
1557549189
1557549200
1557549212
1557549222
1557549223
1557549248
1557549271
1557549281
1557549318
1557549329
1557549358
1557549391
1557549394
1557549394
1557549428
1557549455
1557549458
1557549510
1557549513
1557549527
1557549533
1557549536
1557549537
1557549540
1557549557
1557549595
1557549607
1557549635
1557549657
1557549670
1557549675
1557549675
1557549712
1557549714
1557549731
1557549739
1557549787
1557549793
1557549823
1557549836
1557549845
1557549849
1557549870
1557549890
1557549921
1557549927
1557549934
1557549959
1557549963
1557550002
1557550010
1557550018
1557550050
1557550069
1557550148
1557550161
1557550164
1557550205
1557550224
1557550227
1557550240
1557550264
1557550285
1557550287
1557550310
1557550316
1557550321
1557550383
1557550402
1557550433
1557550458
1557550464
1557550466
1557550466
1557550568
1557550607
1557550617
1557550655
1557550694
1557550727
1557550728
1557550729
1557550761
1557550763
1557550839
1557550891
1557550905
1557550922
1557550933
1557550934
1557550944
1557550954
1557550955
1557550959
1557550971
1557550984
1557551003
1557551054
1557551085
1557551100
1557551149
1557551157
1557551179
1557551197
1557551218
1557551252
1557551283
1557551309
1557551341
1557551350
1557551392
1557551393
1557551398
1557551412
1557551421
1557551431
1557551454
1557551471
1557551471
1557551478
1557551485
1557551526
1557551569
1557551586
1557551594
1557551625
1557551628
1557551637
1557551655
1557551661
1557551758
1557551760
1557551814
1557551818
1557551839
1557551871
1557551878
1557551891
1557551904
1557551906
1557551908
1557551935
1557551952
1557551967
1557552002
1557552014
1557552037
1557552043
1557552063
1557552072
1557552079
1557552106
1557552158
1557552165
1557552191
1557552211
1557552213
1557552218
1557552227
1557552280
1557552283
1557552286
1557552297
1557552329
1557552350
1557552379
1557552417
1557552446
1557552484
1557552558
1557552637
1557552657
1557552664
1557552695
1557552727
1557552739
1557552782
1557552786
1557552786
1557552793
1557552803
1557552806
1557552830
1557552843
1557552867
1557552870
1557552886
1557552887
1557552912
1557552915
1557552926
1557552934
1557552937
1557552943
1557552967
1557552978
1557553000
1557553076
1557553077
1557553086
1557553095
1557553111
1557553121
1557553154
1557553162
1557553166
1557553190
1557553210
1557553223
1557553223
1557553225
1557553230
1557553243
1557553269
1557553274
1557553289
1557553313
1557553323
1557553356
1557553374
1557553384
1557553398
1557553412
1557553417
1557553418
1557553431
1557553448
1557553479
1557553481
1557553492
1557553494
1557553510
1557553516
1557553534
1557553541
1557553608
1557553620
1557553680
1557553694
1557553703
1557553766
1557553788
1557553812
1557553812
1557553824
1557553838
1557553881
1557553883
1557553900
1557553907
1557553917
1557553939
1557553948
1557553957
1557553969
1557553970
1557553986
1557554004
1557554029
1557554048
1557554099
1557554118
1557554134
1557554146
1557554165
1557554198
1557554207
1557554322
1557554326
1557554355
1557554365
1557554392
1557554418
1557554561
1557554563
1557554585
1557554658
1557554688
1557554695
1557554707
1557554733
1557554747
1557554759
1557554763
1557554801
1557554804
1557554806
1557554842
1557554849
1557554853
1557554870
1557554879
1557554931
1557554934
1557554946
1557554954
1557554984
1557554986
1557554998
1557555010
1557555027
1557555030
1557555053
1557555055
1557555073
1557555077
1557555103
1557555131
1557555181
1557555188
1557555206
1557555206
1557555226
1557555226
1557555246
1557555249
1557555255
1557555256
1557555267
1557555283
1557555325
1557555349
1557555405
1557555407
1557555420
1557555434
1557555452
1557555525
1557555551
1557555578
1557555617
1557555666
1557555704
1557555726
1557555745
1557555754
1557555770
1557555774
1557555782
1557555797
1557555824
1557555874
1557555928
1557555933
1557555999
1557556064
1557556092
1557556124
1557556143
1557556146
1557556170
1557556185
1557556196
1557556244
1557556246
1557556308
1557556334
1557556336
1557556343
1557556349
1557556351
1557556366
1557556394
1557556408
1557556441
1557556448
1557556546
1557556591
1557556609
1557556612
1557556614
1557556656
1557556671
1557556678
1557556686
1557556703
1557556727
1557556740
1557556747
1557556769
1557556790
1557556830
1557556836
1557556837
1557556848
1557556861
1557556882
1557556899
1557556941
1557556949
1557556951
1557556966
1557556971
1557557028
1557557039
1557557074
1557557081
1557557104
1557557116
1557557194
1557557209
1557557314
1557557330
1557557350
1557557356
1557557368
1557557380
1557557395
1557557442
1557557447
1557557448
1557557459
1557557460
1557557483
1557557501
1557557501
1557557527
1557557529
1557557539
1557557553
1557557556
1557557560
1557557576
1557557601
1557557671
1557557681
1557557716
1557557739
1557557741
1557557783
1557557784
1557557785
1557557808
1557557816
1557557862
1557557865
1557557871
1557557928
1557557954
1557557965
1557557968
1557558005
1557558012
1557558020
1557558119
1557558125
1557558151
1557558185
1557558208
1557558238
1557558247
1557558288
1557558295
1557558363
1557558368
1557558407
1557558433
1557558445
1557558469
1557558503
1557558508
1557558537
1557558541
1557558566
1557558597
1557558606
1557558643
1557558667
1557558701
1557558793
1557558819
1557558822
1557558851
1557558866
1557558898
1557558922
1557558924
1557558990
1557559012
1557559018
1557559061
1557559103
1557559127
1557559175
1557559188
1557559200
1557559208
1557559222
1557559228
1557559273
1557559282
1557559308
1557559312
1557559323
1557559380
1557559417
1557559420
1557559440
1557559441
1557559444
1557559448
1557559515
1557559520
1557559530
1557559562
1557559680
1557559717
1557559772
1557559849
1557559863
1557559887
1557559913
1557559994
1557560049
1557560061
1557560085
1557560098
1557560147
1557560152
1557560168
1557560211
1557560231
1557560237
1557560241
1557560316
1557560318
1557560319
1557560359
1557560371
1557560425
1557560428
1557560472
1557560503
1557560534
1557560594
1557560603
1557560609
1557560628
1557560692
1557560692
1557560744
1557560750
1557560761
1557560767
1557560775
1557560806
1557560812
1557560866
1557560910
1557560927
1557560929
1557560947
1557560977
1557560979
1557560980
1557560997
1557561017
1557561056
1557561077
1557561153
1557561193
1557561228
1557561239
1557561242
1557561326
1557561333
1557561344
1557561349
1557561400
1557561431
1557561457
1557561480
1557561517
1557561543
1557561568
1557561644
1557561647
1557561680
1557561723
1557561774
1557561842
1557561899
1557561915
1557561961
1557561985
1557561990
1557562047
1557562101
1557562149
1557562193
1557562225
1557562230
1557562231
1557562289
1557562593
1557562605
1557562650
1557562659
1557562666
1557562679
1557562685
1557562696
1557562727
1557562736
1557562844
1557562853
1557562874
1557562963
1557562986
1557563022
1557563131
1557563139
1557563232
1557563237
1557563291
1557563317
1557563329
1557563364
1557563376
1557563385
1557563405
1557563406
1557563422
1557563442
1557563500
1557563510
1557563526
1557563541
1557563592
1557563594
1557563658
1557563658
1557563692
1557563712
1557563810
1557563827
1557563869
1557563873
1557563874
1557563876
1557563893
1557563894
1557563911
1557563912
1557563913
1557563960
1557563975
1557563993
1557563997
1557564019
1557564063
1557564075
1557564127
1557564206
1557564207
1557564223
1557564270
1557564284
1557564296
1557564322
1557564413
1557564452
1557564456
1557564481
1557564533
1557564554
1557564594
1557564642
1557564694
1557564744
1557564821
1557564863
1557564865
1557564882
1557564898
1557564947
1557564954
1557564967
1557564977
1557564983
1557565075
1557565096
1557565101
1557565103
1557565128
1557565139
1557565168
1557565169
1557565177
1557565183
1557565196
1557565220
1557565222
1557565237
1557565263
1557565296
1557565313
1557565316
1557565317
1557565388
1557565391
1557565416
1557565439
1557565494
1557565508
1557565525
1557565563
1557565586
1557565605
1557565715
1557565716
1557565726
1557565754
1557565777
1557565803
1557565807
1557565847
1557565878
1557565935
1557565937
1557565954
1557565968
1557566001
1557566004
1557566036
1557566095
1557566115
1557566119
1557566145
1557566173
1557566221
1557566290
1557566305
1557566350
1557566374
1557566379
1557566391
1557566394
1557566396
1557566406
1557566410
1557566444
1557566481
1557566481
1557566503
1557566567
1557566604
1557566625
1557566646
1557566659
1557566672
1557566674
1557566697
1557566789
1557566818
1557566865
1557566870
1557566894
1557566923
1557566936
1557566939
1557567015
1557567026
1557567044
1557567055
1557567068
1557567071
1557567091
1557567107
1557567121
1557567154
1557567158
1557567160
1557567207
1557567212
1557567348
1557567372
1557567446
1557567472
1557567514
1557567586
1557567624
1557567676
1557567678
1557567684
1557567703
1557567706
1557567751
1557567756
1557567762
1557567810
1557567811
1557567870
1557567901
1557567924
1557568019
1557568037
1557568058
1557568074
1557568085
1557568102
1557568127
1557568146
1557568194
1557568216
1557568220
1557568325
1557568338
1557568340
1557568354
1557568368
1557568425
1557568451
1557568478
1557568496
1557568525
1557568533
1557568564
1557568597
1557568597
1557568605
1557568654
1557568658
1557568726
1557568746
1557568797
1557568845
1557568938
1557568966
1557569015
1557569050
1557569077
1557569101
1557569109
1557569115
1557569141
1557569186
1557569187
1557569242
1557569255
1557569288
1557569306
1557569332
1557569347
1557569357
1557569386
1557569404
1557569405
1557569437
1557569457
1557569467
1557569504
1557569513
1557569532
1557569550
1557569554
1557569574
1557569574
1557569640
1557569656
1557569671
1557569678
1557569685
1557569687
1557569707
1557569725
1557569739
1557569767
1557569779
1557569783
1557569832
1557569874
1557569877
1557569882
1557569884
1557569915
1557569933
1557569937
1557569940
1557569949
1557569971
1557569998
1557570037
1557570038
1557570041
1557570042
1557570063
1557570072
1557570077
1557570088
1557570133
1557570204
1557570289
1557570290
1557570313
1557570365
1557570389
1557570402
1557570450
1557570495
1557570500
1557570502
1557570543
1557570545
1557570555
1557570560
1557570590
1557570592
1557570599
1557570605
1557570612
1557570635
1557570647
1557570652
1557570672
1557570673
1557570682
1557570682
1557570691
1557570707
1557570742
1557570784
1557570791
1557570835
1557570845
1557570857
1557570905
1557570955
1557571013
1557571018
1557571027
1557571029
1557571041
1557571072
1557571091
1557571092
1557571106
1557571110
1557571141
1557571176
1557571194
1557571195
1557571204
1557571208
1557571250
1557571292
1557571295
1557571332
1557571344
1557571380
1557571392
1557571416
1557571459
1557571482
1557571501
1557571508
1557571563
1557571599
1557571605
1557571634
1557571650
1557571662
1557571684
1557571698
1557571699
1557571708
1557571722
1557571773
1557571815
1557571899
1557571928
1557571979
1557572008
1557572105
1557572224
1557572295
1557572305
1557572343
1557572354
1557572367
1557572421
1557572426
1557572463
1557572470
1557572548
1557572579
1557572582
1557572625
1557572651
1557572665
1557572755
1557572792
1557572850
1557572852
1557572858
1557572903
1557572948
1557572948
1557573051
1557573089
1557573171
1557573203
1557573210
1557573234
1557573264
1557573324
1557573327
1557573342
1557573350
1557573359
1557573395
1557573403
1557573414
1557573462
1557573514
1557573557
1557573608
1557573644
1557573658
1557573685
1557573728
1557573763
1557573791
1557573802
1557573868
1557573890
1557573917
1557573918
1557573921
1557573942
1557574008
1557574011
1557574022
1557574058
1557574172
1557574182
1557574241
1557574267
1557574318
1557574358
1557574362
1557574382
1557574405
1557574420
1557574519
1557574594
1557574611
1557574624
1557574686
1557574712
1557574720
1557574726
1557574772
1557574806
1557574824
1557574843
1557574863
1557574903
1557574906
1557574944
1557574972
1557575014
1557575060
1557575101
1557575102
1557575148
1557575161
1557575237
1557575310
1557575358
1557575436
1557575459
1557575472
1557575599
1557575604
1557575639
1557575663
1557575687
1557575709
1557575722
1557575752
1557575832
1557575875
1557575898
1557576018
1557576054
1557576129
1557576159
1557576192
1557576203
1557576245
1557576320
1557576372
1557576547
1557576563
1557576647
1557576674
1557576689
1557576720
1557576729
1557576953
1557576966
1557576991
1557577007
1557577011
1557577023
1557577095
1557577165
1557577194
1557577227
1557577241
1557577263
1557577267
1557577326
1557577335
1557577358
1557577426
1557577429
1557577439
1557577470
1557577473
1557577489
1557577540
1557577569
1557577594
1557577673
1557577693
1557577888
1557577935
1557578230
1557578297
1557578367
1557578374
1557578541
1557578568
1557578589
1557578785
1557578850
1557578860
1557578881
1557578937
1557579428
1557579503
1557579572
1557579630
1557579748
1557579945
1557579954
1557579991
1557580004
1557580023
1557580139
1557580155
1557580297
1557580322
1557580371
1557580409
1557580483
1557580483
1557580543
1557580559
1557580573
1557580616
1557580622
1557580677
1557580735
1557580792
1557580870
1557580999
1557581057
1557581251
1557581324
1557581327
1557581546
1557581649
1557581749
1557581772
1557581783
1557581821
1557581881
1557581948
1557582012
1557582048
1557582460
1557582473
1557582474
1557582634
1557582637
1557582671
1557582711
1557582748
1557582829
1557582937
1557582963
1557583065
1557583132
1557583345
1557583384
1557583432
1557583618
1557583883
1557583928
1557583979
1557584052
1557584108
1557584149
1557584182
1557584214
1557584222
1557584361
1557584473
1557584502
1557584528
1557584611
1557584649
1557584816
1557585111
1557585280
1557585872
1557585940
1557585979
1557586012
1557586152
1557586238
1557586286
1557586606
1557586666
1557586833
1557586866
1557586890
1557586923
1557586950
1557586971
1557586991
1557587341
1557587526
1557587603
1557587623
1557587638
1557587645
1557587654
1557587667
1557587685
1557587822
1557587993
1557588050
1557588163
1557588213
1557588224
1557588307
1557588341
1557588371
1557588662
1557588728
1557589031
1557589386
1557589451
1557589499
1557589515
1557589630
1557589784
1557589821
1557589835
1557590169
1557590265
1557590290
1557590304
1557590312
1557590370